stationId	latitude	longitude	precipitation_12	precipitation_13	precipitation_14	precipitation_15	precipitation
IBRIQU1	49.405324	4.878868	0.3	55.91	65.99	12.19	134.39
IOMONT1	49.601989	4.733161	0.3	46.2	42.9	18.29	107.69
ISAVIG19	49.364744	4.723761	2.01	58.19	49.0	22.1	131.29999999999998
ICHAMPAG23	49.626713	4.914683	0.76	23.62	25.65	6.1	56.13
INOUVION5	49.701	4.801438	0.25	36.83	48.26	17.53	102.87
ICHAUV3	49.540478	5.297547	1.8	44.91	48.01	11.71	106.43
IFLORE50	49.63331	5.327996	1.8	39.4	44.4	9.7	95.3
IVIRTO3	49.583069	5.556281	3.3	47.19	43.51	55.6	149.6
IVIRTON5	49.532627	5.597771	1.8	29.79	52.4	11.0	94.99
IGORCY1	49.536411	5.684228	2.79	47.75	97.79	8.38	156.71
ILORRAIN78	49.514938	5.766354	2.7	34.9	55.9	6.4	99.9
IAUBANGE18	49.55764	5.797166	3.3	38.4	97.99	8.89	148.57999999999998
IHUSSIGN2	49.491146	5.860274	1.02	25.91	53.85	12.95	93.73
IDIFFE2	49.516998	5.889	0.51	37.08	69.09	7.37	114.05000000000001
ILUXEMBO182	49.516094	5.928246	2.03	25.15	60.2	28.19	115.57
ISCHIFFL21	49.505562	6.0125	1.78	36.32	90.68	18.03	146.81
ISCHIFFL18	49.504692	6.01758	2.03	39.88	107.44	17.78	167.13
IESCHS3	49.507999	5.973	0.0	12.19	9.65	10.41	32.25
IMONDE1	49.5313	6.031536	1.52	28.7	96.27	14.48	140.97
IBETTE1	49.519001	6.059	1.5	27.71	97.0	11.91	138.12
IBETTE19	49.516651	6.104491	2.01	29.49	99.11	14.2	144.81
ILUXEMBU49	49.517651	6.105514	2.01	26.19	82.5	15.49	126.19
IROESER5	49.502453	6.135061	1.52	29.21	89.92	8.89	129.54000000000002
IBETTE17	49.519669	6.081797	1.27	24.38	81.03	18.8	125.48
IDUDELAN13	49.476959	6.096928	2.54	24.64	90.68	91.95	209.81
IABWEI1	49.533	6.077	1.5	28.19	101.09	12.4	143.18
IFRISA1	49.516	6.187	0.76	21.08	74.17	7.37	103.38000000000001
IFRISA2	49.520896	6.185674	0.71	22.1	81.61	7.9	112.32000000000001
IROUSS7	49.464	6.2	0.25	22.86	75.44	7.62	106.17
IROUSS8	49.455716	6.189093	0.25	26.67	73.41	75.44	175.76999999999998
IMONDO7	49.508	6.272	0.79	35.0	89.99	5.59	131.37
IMONDO8	49.50919	6.283179	0.3	29.49	79.5	3.3	112.58999999999999
IMONDO9	49.510534	6.283647	0.25	26.67	67.31	2.79	97.02000000000001
ISCHEN1	49.503624	6.31848	0.0	35.31	86.11	2.31	123.73
IBEYRE3	49.470319	6.309368	0.0	32.26	77.47	2.29	112.02
IPERL24	49.507599	6.382784	0.0	30.99	75.69	1.3	107.97999999999999
IPERL27	49.506	6.376	0.0	28.7	74.4	0.99	104.09
IPERL28	49.482494	6.389545	0.0	27.18	62.74	1.52	91.44
IPERL22	49.499706	6.442106	0.0	23.37	50.29	1.02	74.67999999999999
IPERL21	49.469528	6.38105	0.0	23.39	62.51	1.5	87.4
IPERL19	49.467117	6.377461	0.0	23.37	62.48	1.52	87.36999999999999
ICHARL29	49.785	4.692	0.25	35.81	35.05	20.32	91.43
ICHINY4	49.697118	5.382964	1.6	37.6	34.0	8.0	81.2
ITALLE13	49.673051	5.667114	3.3	38.81	83.59	10.11	135.81
ISAINT1137	49.620151	5.718177	2.29	33.02	70.87	6.6	112.78
IARLON63	49.685144	5.712037	3.05	39.12	77.98	7.87	128.02
IAUBANGE19	49.569817	5.776245	3.56	39.37	100.58	7.87	151.38
IARLON59	49.638974	5.772772	2.79	29.46	72.39	4.57	109.21000000000001
IMESSA1	49.632	5.806	3.0	38.4	94.49	8.1	143.98999999999998
ICLEME2	49.594051	5.871804	3.3	29.72	71.37	8.89	113.28
IBASCH1	49.573002	5.917	3.05	27.43	74.17	11.68	116.33000000000001
IBASCH3	49.562	5.918	2.79	31.8	83.31	13.69	131.59
IBASCH8	49.559	5.896	3.3	36.09	80.8	10.59	130.78
ILUXEMBU60	49.590996	5.982148	1.27	27.18	67.82	16.51	112.78
IDIPPA1	49.587	5.982	1.5	29.69	92.99	26.7	150.88
IBERTR18	49.613	6.045	1.52	11.43	34.8	11.18	58.93
ILMAMER6	49.630718	6.020388	2.01	34.01	104.7	24.41	165.13
IBERTRAN43	49.610001	6.05	1.52	42.93	128.52	20.57	193.54000000000002
IBERTR4	49.606	6.053	1.19	36.09	106.91	17.09	161.28
ILUXEMBO85	49.621574	6.115753	1.27	24.38	86.61	12.19	124.44999999999999
ILUXEMBO110	49.59119	6.169322	1.27	36.07	135.64	16.0	188.98
ILUXEM13	49.60911	6.161629	1.3	28.09	117.09	13.31	159.79000000000002
IALZIN2	49.574165	6.165982	1.8	35.61	104.6	10.39	152.39999999999998
ILUXEM16	49.593754	6.143506	1.45	32.41	146.71	1.17	181.73999999999998
IWEILERL8	49.562305	6.219735	0.25	5.84	28.96	32.51	67.56
ICANAC1	49.602	6.266	0.25	27.18	88.39	6.1	121.91999999999999
IERSAN1	49.576221	6.275153	0.0	24.38	88.65	4.83	117.86
ICONTERN4	49.586056	6.260773	0.25	22.1	55.63	4.83	82.81
IEHNEN3	49.602	6.391	0.0	15.49	65.79	0.51	81.79
IPALZE1	49.582806	6.416789	0.0	21.89	75.69	0.2	97.78
IWINCH17	49.609719	6.430975	0.0	14.48	59.18	59.44	133.1
IWORMELD8	49.629234	6.423727	0.0	17.3	83.79	0.3	101.39
IDAMOU1	49.796	4.676	0.76	38.35	31.75	19.56	90.42
IBOGNY2	49.855276	4.729899	0.25	41.15	28.96	29.97	100.33
IVRESS4	49.861124	4.929445	0.3	48.79	56.11	24.89	130.08999999999997
IBERTR3	49.828	5.302	1.27	28.45	58.67	11.94	100.33
ILGLIS7	49.796	5.557	1.78	38.61	73.41	17.27	131.07
IHABAY9	49.707	5.679	2.79	39.62	66.29	8.38	117.08
ILGLIS8	49.78706	5.63152	2.29	38.86	69.85	10.41	121.41
ILGLIS6	49.794396	5.65555	3.05	36.07	68.58	11.94	119.63999999999999
IATTERT9	49.719406	5.753531	2.54	28.7	53.09	6.35	90.67999999999999
IARLON60	49.691643	5.769078	3.05	32.51	89.92	4.83	130.31
IARLON64	49.682942	5.798825	3.3	35.56	89.92	6.86	135.64000000000001
IARLON61	49.687092	5.812061	2.79	31.75	72.64	7.37	114.55000000000001
IARLON65	49.67858	5.825865	3.56	18.03	25.91	0.0	47.5
IARLON17	49.673557	5.829329	3.81	38.1	97.28	9.4	148.59
IEISCH1	49.689	5.88	2.29	30.48	85.85	88.14	206.76
IHOBSC1	49.682	5.918	2.79	29.21	82.3	15.01	129.31
IHOBSC2	49.686	5.929	2.03	23.88	67.82	12.19	105.91999999999999
ISTEINFO2	49.662022	5.92557	2.03	23.62	53.09	6.86	85.60000000000001
IKOERICH15	49.669628	5.948658	2.54	28.7	80.77	16.26	128.26999999999998
IGOEBL1	49.67	5.964	2.29	31.5	91.44	15.49	140.72
IDONDE1	49.693	6.033	1.52	28.7	93.98	25.4	149.6
IHOLLE23	49.714235	6.04595	1.8	34.59	109.7	30.2	176.29
IHOLLE28	49.713597	6.047683	1.5	31.8	104.4	27.3	165.0
IKOERICH14	49.670574	5.971231	2.0	31.5	81.0	81.0	195.5
ILUXEMBO3	49.671364	6.034289	1.52	19.81	59.69	18.54	99.56
IKEHLE3	49.66663	6.029306	1.78	11.43	11.43	1.52	26.16
ILMEISPE2	49.686634	6.05738	1.52	40.64	112.52	17.02	171.70000000000002
IBROUC2	49.739	6.014	2.29	43.18	184.66	27.69	257.82
ICLAUS10	49.693881	6.068613	1.78	37.59	107.95	23.88	171.2
IGOSSE1	49.729	6.114	1.52	26.67	94.23	95.5	217.92000000000002
ISTEINSE14	49.669525	6.132354	1.02	27.94	105.92	14.22	149.1
IHEISD4	49.673682	6.141966	1.02	26.42	94.23	13.21	134.88
ILUXEMBU11	49.662422	6.080723	1.27	32.77	103.63	15.24	152.91000000000003
IJUNGLIN19	49.702068	6.220619	1.02	23.37	112.52	11.68	148.59
IALTLI2	49.723	6.218	1.27	19.3	93.98	9.4	123.95000000000002
IGONDE5	49.695117	6.246045	1.02	15.49	83.31	5.59	105.41000000000001
IJUNGL2	49.710787	6.255329	1.19	21.89	126.01	7.29	156.38
INIDDERA39	49.680775	6.251249	0.76	16.26	87.63	89.15	193.8
IGMANTER5	49.708317	6.421361	0.0	22.1	102.11	0.76	124.97000000000001
IBIWER1	49.703	6.375	0.0	21.89	96.19	1.09	119.17
IBERBO5	49.729	6.393	0.0	23.39	110.21	0.99	134.59
IGREVE93	49.6828	6.448179	0.0	19.89	92.71	0.2	112.8
ITEMME1	49.688	6.469	0.0	20.8	84.3	0.0	105.1
IBERTR17	49.859	5.25	1.09	33.5	83.01	21.89	139.49
INEUFC5	49.864438	5.485897	1.02	31.75	67.06	11.68	111.51000000000002
ILUXEMBO7	49.854092	5.590065	1.27	28.7	41.15	7.62	78.74000000000001
IATTER3	49.762	5.763	2.59	35.31	65.0	9.4	112.30000000000001
IFAUVI3	49.876	5.676	1.78	35.31	69.09	12.19	118.37
INIEDE143	49.757	5.907	1.52	27.94	76.45	6.35	112.25999999999999
IDIEKIRC6	49.891918	5.813851	1.8	12.6	38.0	5.79	58.19
IPRIZE1	49.794987	5.95238	2.79	27.2	68.81	13.21	112.00999999999999
IPRIZERD2	49.796089	5.955194	1.52	18.54	48.51	12.19	80.75999999999999
IUSELDAN3	49.777401	5.948361	2.79	26.11	76.71	14.81	120.41999999999999
ISCHAN2	49.791554	5.980799	2.31	29.39	95.5	26.9	154.1
IVICHT1	49.796574	6.005562	1.52	23.88	78.74	25.4	129.54
IMERTZIG3	49.832005	6.005986	2.31	25.5	72.9	29.31	130.02
IMERTZ10	49.833	6.008	2.49	30.0	88.6	35.61	156.7
ICOLMA12	49.809617	6.096312	1.8	35.61	113.51	26.9	177.82000000000002
ICOLMA9	49.810345	6.09113	1.52	27.43	81.53	19.05	129.53
IBISSE17	49.789378	6.065594	1.8	35.0	97.1	24.1	157.99999999999997
IBERIN6	49.758	6.116	1.3	30.2	107.9	16.51	155.91
IETTEL2	49.85	6.095	1.27	19.56	64.77	65.79	151.39
ICHRIS189	49.788	6.274	0.99	26.39	114.81	5.31	147.5
IGREVENM12	49.786579	6.276158	0.99	24.41	106.4	5.0	136.8
IGILSD9	49.867	6.183	1.02	21.59	84.58	8.38	115.57
IKALKE1	49.782768	6.34691	0.0	28.45	98.81	2.03	129.29
IBERDO1	49.821848	6.344439	0.25	23.62	92.46	93.22	209.55
IGREVENM13	49.741951	6.283994	0.51	19.3	74.42	3.3	97.53
IMINDE6	49.824	6.469	0.0	36.09	103.81	0.3	140.20000000000002
IMOMPA1	49.753	6.464	0.0	21.59	78.99	0.25	100.83
IROSPO6	49.804493	6.50065	0.0	33.81	86.21	0.1	120.11999999999999
IPALIS6	49.964	5.185	0.25	41.4	82.55	38.35	162.54999999999998
ILIBRA2	49.928001	5.36	0.51	34.49	80.01	34.8	149.81
ILIBRA4	49.999334	5.47079	0.51	34.01	94.69	11.0	140.20999999999998
IVAUXS15	49.965397	5.678987	1.02	28.19	85.09	13.46	127.76000000000002
IBASTO4	49.967	5.717	1.6	27.61	84.61	16.99	130.81
IBASCH6	49.897559	5.815921	2.54	27.43	65.28	8.38	103.63
IHEIDE240	49.889224	5.976934	2.31	27.1	86.41	25.1	140.92
IHEIDE238	49.887393	5.976981	1.78	23.11	70.36	21.08	116.33
INOCHE3	49.948255	5.957723	1.8	19.1	71.4	10.59	102.89000000000001
INOCHE4	49.946324	5.97503	1.8	22.4	89.1	19.3	132.6
IKIISC1	49.951	6.02	2.11	21.79	97.0	38.1	159.0
IDIEKIRC11	49.85149	6.115816	1.02	22.1	79.5	19.81	122.43
IDIEKI2	49.866	6.156	1.02	25.91	77.98	78.99	183.89999999999998
IDINGELD2	49.857697	6.141451	1.3	28.4	95.0	22.4	147.1
IBETTEND8	49.879429	6.221175	1.02	22.35	94.74	98.3	216.41
IBETTEND4	49.875938	6.212749	1.27	24.64	108.97	15.24	150.12
IHOESD4	49.882949	6.255554	0.61	16.21	74.8	3.99	95.61
IWALLE10	49.8741	6.2905	0.51	24.89	100.33	1.78	127.51
INUSBAUM2	49.895294	6.350045	0.51	20.07	94.23	1.02	115.83
INIEHL1	49.955574	6.359881	0.3	30.99	100.81	1.6	133.7
IMECKEL2	49.888733	6.515806	0.0	48.51	100.33	0.0	148.84
IBEAUR5	50.103	4.904	0.51	42.42	34.29	40.89	118.11
IVIROI6	50.092	4.67	0.76	48.01	24.89	33.53	107.19
IFROME17	50.128963	4.849992	0.99	62.31	32.0	65.3	160.60000000000002
IROCHE81	50.11638	5.107647	0.0	34.29	74.4	18.59	127.28
IROCHE97	50.144	5.15	0.0	26.39	64.8	7.49	98.67999999999999
IHOUYE1	50.158211	5.062436	0.0	34.29	40.89	28.19	103.37
ISAINTHU7	50.025009	5.363176	0.25	27.94	95.0	48.26	171.45
ITENNE4	50.12	5.505	0.25	25.4	102.36	103.89	231.89999999999998
IBASTO8	50.061	5.748	0.8	25.6	89.6	12.8	128.8
ILAROC21	50.122201	5.635687	1.52	27.94	95.5	101.6	226.56
IWEIDI1	49.974354	5.933325	1.5	16.99	49.61	0.2	68.3
ILUXEMBO5	50.09647	5.868244	0.76	29.72	96.27	18.03	144.78
IPINTS3	49.995096	6.007815	1.8	26.39	78.0	19.99	126.17999999999999
IDRAUF1	50.019	6.004	1.78	26.67	70.36	13.46	112.27000000000001
IDEIFF3	50.066475	5.962674	1.8	38.81	82.8	11.2	134.60999999999999
IWINCRAN5	50.083328	5.95	1.52	35.81	80.77	9.4	127.5
IPARCH5	50.011513	6.050169	1.8	28.7	86.31	30.3	147.11
IPREISCH2	50.033298	6.15	2.03	31.5	93.22	27.69	154.44
IPREIS2	50.037025	6.152035	1.52	27.94	75.18	75.18	179.82000000000002
INEUER2	50.012189	6.290961	0.51	8.38	49.28	1.52	59.690000000000005
IDIEKIRC17	49.940208	6.215091	0.76	25.91	88.14	14.22	129.03
IDALEI3	50.072523	6.184356	1.5	38.61	90.2	26.9	157.21
IRITTE11	49.993874	6.48892	0.0	25.91	92.71	0.61	119.22999999999999
IBITBU4	49.978001	6.519	0.0	29.21	87.38	0.25	116.84
ILASEL1	50.112965	6.469108	0.71	39.4	104.19	1.3	145.60000000000002
IHASTI11	50.196533	4.823289	0.79	56.59	28.5	51.31	137.19
INAMURHO2	50.19878	4.993482	0.25	33.78	29.97	40.89	104.89
IMARCH89	50.179	5.311	0.2	26.19	84.1	5.0	115.49
IMARCH62	50.189	5.402	0.0	30.71	60.5	34.01	125.22
IMARCH64	50.202	5.425	0.25	24.38	129.79	17.02	171.44
ILAROCHE158	50.181671	5.575	0.25	21.59	143.0	25.91	190.75
ILAROCHE159	50.137531	5.652853	0.51	27.1	95.61	30.91	154.13
ILAROC35	50.146	5.675	0.3	29.39	91.69	23.39	144.76999999999998
IHOUFF4	50.158657	5.785647	0.51	25.6	97.1	18.8	142.01
IHOFFE1	50.102909	5.922765	1.27	26.92	93.73	97.03	218.95
IGOUVY8	50.142	5.906	0.76	27.18	105.16	14.73	147.82999999999998
IESELB1	50.062337	6.000803	1.5	38.3	85.09	9.7	134.59
IREULE1	50.060021	6.035119	1.6	39.29	74.7	23.9	139.49
IREULE2	50.055778	6.036101	1.6	39.8	81.31	28.19	150.9
IWEISW2	50.138683	6.0769	1.27	30.23	74.17	41.4	147.07
IGROKA11	50.162142	6.205891	0.79	34.49	105.89	19.3	160.47000000000003
IPRONSFE3	50.159107	6.336806	0.51	36.32	121.92	1.52	160.27
IPRONSFE2	50.160618	6.350501	0.2	31.5	126.01	2.01	159.72
INIMSR2	50.131405	6.450792	0.51	46.51	121.41	0.99	169.42000000000002
IDINAN13	50.272926	4.9	0.25	41.91	27.94	70.36	140.45999999999998
IMETTE10	50.27288	4.651281	0.2	50.8	26.19	53.8	130.99
ICINEY14	50.252	5.199	0.0	23.09	48.01	23.29	94.38999999999999
IMARCH84	50.225605	5.349297	0.0	21.84	81.03	21.34	124.21000000000001
IMARCH70	50.238	5.366	0.0	20.29	82.8	19.0	122.09
IMARCH60	50.238	5.37	0.25	19.05	79.5	18.29	117.09
IRENDE6	50.216835	5.477452	0.51	14.0	85.8	49.81	150.12
IRENDE10	50.217205	5.52458	1.02	12.45	127.25	16.51	157.23
IVIELS1	50.253915	5.735642	0.2	13.6	82.8	31.0	127.6
IMANHA8	50.274819	5.719587	0.0	16.0	66.04	70.1	152.14
IMANHA7	50.276	5.656	0.25	17.02	110.49	29.97	157.73
ILIERN2	50.286055	5.793754	0.0	14.22	97.03	19.81	131.06
IVIELS4	50.260873	5.94095	0.71	14.5	112.8	27.0	155.01
IVIELSAL6	50.284733	5.902289	0.51	14.48	102.11	26.67	143.76999999999998
IWINTE18	50.213177	6.209644	0.51	26.67	74.68	76.45	178.31
IBLEIA1	50.236989	6.282725	0.79	24.61	108.2	3.61	137.21
IRIJNLAN2	50.192604	6.368974	0.51	32.26	106.68	1.02	140.47
IPRM13	50.202092	6.41036	0.51	32.99	139.7	0.79	173.98999999999998
IPRM14	50.21	6.42	0.25	22.86	104.39	0.51	128.01
IROMME5	50.197635	6.44983	1.09	34.29	137.11	1.8	174.29000000000002
IPRM12	50.228512	6.436841	0.25	20.57	87.88	109.47	218.17
IMETTE5	50.308998	4.71	0.25	36.07	21.34	44.2	101.86
IMETTE21	50.346	4.723	0.3	33.5	21.59	52.81	108.2
IMETTE9	50.336	4.68	0.25	39.62	26.92	64.77	131.56
IYVOIR16	50.315	4.971	0.0	31.24	30.99	85.85	148.07999999999998
IYVOIR6	50.337566	4.96502	0.0	20.07	16.51	26.92	63.5
IASSES3	50.364	4.937	0.0	27.71	29.49	91.21	148.41
ICINEY13	50.293688	5.102741	0.0	27.94	38.61	32.51	99.06
IHAMOI2	50.32	5.182	0.0	33.81	56.39	44.91	135.11
IHAMOI5	50.307715	5.209949	0.0	25.15	49.02	35.05	109.22
IHAVEL27	50.371244	5.339065	0.0	20.6	68.3	24.21	113.11000000000001
IDURBU1	50.333	5.432	0.0	12.95	76.2	17.78	106.93
IMANHA3	50.313	5.688	0.51	12.95	124.71	32.77	170.94
IFERRIRE27	50.402313	5.605195	0.51	16.51	138.68	20.32	176.02
IAYWAI3	50.418	5.689	0.3	25.4	127.71	128.7	282.11
ITROIS38	50.363853	5.860294	0.25	7.62	39.88	10.67	58.42
ITROIS14	50.362663	5.875781	0.3	13.69	114.3	22.1	150.39
ISAINTVI84	50.309372	6.093909	0.51	15.49	102.36	17.02	135.38
ISANKT230	50.304627	6.166627	0.3	6.81	97.69	48.31	153.11
IAMEL5	50.332	6.189	0.61	11.4	102.31	30.99	145.31
IAMBLV2	50.317772	6.253663	0.76	9.65	103.38	14.99	128.78
IBLLIN6	50.408791	6.306152	0.51	12.7	114.3	10.21	137.72
IKLEIN52	50.271	6.494	0.76	19.05	122.17	122.68	264.66
INAMUR76	50.420096	4.799438	0.0	34.8	25.4	50.8	111.0
IFOSSE4	50.408465	4.753241	0.0	34.29	30.81	59.69	124.78999999999999
INAMUR65	50.429638	4.817633	0.0	20.57	14.48	33.78	68.83
INAMUR62	50.431	4.82	0.0	6.3	3.3	0.51	10.11
INAMUR78	50.437	4.923	0.0	41.4	30.99	94.21	166.6
INAMUR77	50.452077	4.876928	0.0	29.97	32.26	59.94	122.16999999999999
IASSES5	50.390755	5.023096	0.0	38.86	43.18	133.6	215.64
IGESVE1	50.426557	5.022539	0.0	14.4	17.6	0.4	32.4
IASSES2	50.386	5.044	0.0	31.5	32.77	75.44	139.71
ITINLO1	50.463393	5.323616	0.25	58.42	59.44	54.86	172.97
IMODAV1	50.478125	5.290414	0.0	49.78	55.63	46.74	152.15
IFERRI13	50.438	5.624	0.76	22.61	137.16	23.37	183.9
ISPRIM3	50.507	5.642	0.25	31.24	89.15	17.78	138.42000000000002
ITHEUX19	50.464875	5.808201	0.0	34.29	127.51	39.12	200.92000000000002
IRGIONWA85	50.499901	5.715506	0.0	24.89	58.93	15.49	99.30999999999999
IJALHA7	50.494219	5.908539	0.0	43.18	152.65	50.29	246.12
IWAIME4	50.417	6.105	0.2	24.21	89.89	9.6	123.89999999999999
IMALME3	50.473999	6.08	0.0	16.79	109.19	18.49	144.47
IBLLIN7	50.406	6.247	0.3	24.41	105.41	14.5	144.62
IBULLA6	50.415001	6.313	0.25	11.18	89.15	8.38	108.96000000000001
IHELLE63	50.457	6.396	0.3	19.0	101.6	99.8	220.7
INAMUR79	50.475	4.799	0.0	20.57	22.61	50.8	93.97999999999999
IRGIONWA78	50.46307	4.847392	0.0	22.1	15.49	38.86	76.45
ILABRUYR13	50.534767	4.865408	0.0	14.22	15.49	39.12	68.83
INAMUR20	50.496952	4.886795	0.0	21.08	18.03	57.15	96.25999999999999
INAMUR72	50.512343	4.947154	0.0	30.23	31.5	73.15	134.88
IGHEZE13	50.546457	4.907776	0.0	16.26	21.34	71.37	108.97
IGHEZE14	50.546596	4.907294	0.0	15.24	21.34	73.91	110.49
IWALPETI8	50.521587	5.048214	0.0	27.94	26.42	95.76	150.12
IHRON8	50.552	5.053	0.0	18.29	19.56	82.3	120.14999999999999
IBURDI1	50.576381	5.14814	0.0	18.01	28.7	71.91	118.62
IHUY26	50.533116	5.254008	0.0	22.61	32.77	35.56	90.94
IVILLE71	50.561	5.267	0.0	28.8	39.8	47.8	116.39999999999999
ISERAI4	50.568296	5.532989	0.0	41.66	76.96	80.77	199.39
IDOLEMBR2	50.53104	5.610046	0.0	64.29	88.6	30.4	183.29
ISPRIM5	50.516689	5.65676	0.51	26.42	61.21	12.7	100.84
ITHEUX20	50.516856	5.781863	0.0	44.2	117.81	23.09	185.1
IJALHA9	50.514	5.94	0.0	51.56	169.93	57.91	279.4
IJALHA4	50.52478	5.968425	0.0	67.31	211.81	65.3	344.42
IMONSC7	50.52591	6.222053	0.0	27.41	84.91	16.69	129.01
IEUPEN5	50.59	6.1	1.5	24.1	86.11	19.3	131.01000000000002
IMONSC6	50.565064	6.198281	0.0	21.84	107.19	14.48	143.51
IMONSCHA14	50.534534	6.264097	0.25	23.88	74.68	16.76	115.57000000000001
IAACHENM1	50.564484	6.21191	0.25	15.24	72.9	13.72	102.11
IMONSCHA15	50.567272	6.229394	0.0	24.89	115.09	23.9	163.88000000000002
INORDRHE241	50.561131	6.256075	0.0	18.29	69.85	14.22	102.35999999999999
IHELLE21	50.481998	6.496	0.3	18.8	178.0	0.51	197.60999999999999
IPERWE1	50.627389	4.805558	0.0	19.05	14.99	60.71	94.75
IPERWE2	50.634	4.785	0.0	28.19	16.61	65.0	109.8
IRAMIL1	50.633	4.864	0.0	17.5	15.29	63.5	96.28999999999999
IGEMBLOU21	50.575809	4.716853	0.0	20.32	9.91	36.83	67.06
IGHEZE6	50.574	4.891	0.0	18.11	20.29	68.1	106.5
IGEMBL3	50.57	4.699	0.0	27.94	14.73	51.56	94.23
IBRAIV6	50.617	5.097	0.0	22.91	24.61	83.11	130.63
IHANNU14	50.633446	5.089993	0.0	15.75	23.37	76.71	115.83
IHANNU13	50.639663	5.086498	0.0	20.6	27.2	90.4	138.2
IHANNU8	50.663	5.051	0.51	14.5	23.6	93.8	132.41
IBRAIVES5	50.634949	5.158643	1.27	15.49	27.43	80.01	124.2
ITOURINN3	50.638779	5.177727	1.02	16.0	14.22	39.37	70.61
IVILLE189	50.585281	5.280034	0.0	26.67	35.81	46.99	109.47
IGEER8	50.668	5.188	2.41	15.16	24.13	55.88	97.58000000000001
IVERLA3	50.603267	5.311691	0.25	22.61	31.24	39.62	93.72
ISAINT1455	50.648	5.516	0.0	64.21	47.5	29.79	141.5
ISAINT2727	50.625152	5.538399	0.0	14.73	33.78	22.35	70.86000000000001
ILIGE75	50.622912	5.559157	0.0	11.2	23.2	12.2	46.599999999999994
ILIGE70	50.63	5.555	0.0	16.99	49.81	29.01	95.81
ILIGE78	50.597	5.575	0.0	30.99	65.02	27.43	123.44
ILIGE73	50.619667	5.576904	0.0	25.4	55.91	22.3	103.61
IRGIONWA46	50.585712	5.6168	0.0	38.0	83.0	1.2	122.2
ILIGE38	50.632984	5.579376	0.0	13.72	48.51	25.91	88.14
ILIGE76	50.62892	5.635324	0.0	29.46	85.6	21.08	136.14
IOLNE3	50.606	5.705	0.0	52.58	102.87	27.18	182.63
IFLRON12	50.628	5.702	0.0	42.19	105.89	30.51	178.58999999999997
IRGIONWA3	50.607231	5.747346	0.0	57.4	100.81	28.7	186.91
IDISON3	50.609	5.863	0.0	31.5	108.71	30.99	171.2
IBAELE11	50.63	5.968	0.76	25.4	74.17	81.03	181.36
ITHIMIST7	50.64917	5.865667	0.0	52.32	92.2	26.92	171.44
IBAELE8	50.631835	6.004354	0.25	34.04	90.93	95.0	220.22
IEUPEN19	50.648792	6.054296	0.0	31.5	83.06	33.02	147.58
IRAERE10	50.660443	6.11196	0.0	41.91	131.9	32.51	206.32
IRAERE9	50.669	6.111	0.0	25.4	96.8	24.61	146.81
IMONSCHA16	50.576252	6.22925	0.0	21.59	94.74	20.07	136.4
IMONSC8	50.574	6.225	0.0	20.32	97.54	20.57	138.43
IMONSC5	50.588562	6.251996	0.0	25.15	96.77	15.75	137.67
IMONSC12	50.569655	6.228538	0.0	21.34	101.85	17.02	140.21
IROETG4	50.638	6.21	0.0	71.4	166.09	21.59	259.08
ISIMME99	50.625717	6.311499	0.0	54.89	99.29	9.4	163.58
ISIMME13	50.624507	6.33397	0.0	54.61	100.1	8.89	163.59999999999997
ISIMME7	50.624001	6.338	0.0	57.91	100.3	10.21	168.42
ISIMME72	50.626	6.356	0.0	51.56	87.63	6.86	146.05
ISIMMERA15	50.625832	6.355576	0.0	51.56	87.63	6.86	146.05
INIDEG3	50.64446	6.41574	0.0	6.35	24.64	6.6	37.59
IHEIMB6	50.637	6.455	0.0	62.74	94.74	1.02	158.5
IHEIMB2	50.633999	6.463	0.0	48.01	88.11	58.9	195.02
IINCOU4	50.73	4.76	0.0	34.04	11.18	72.39	117.61
ICHAUM2	50.702	4.735	0.0	45.47	11.43	95.0	151.9
IJODOI2	50.722539	4.863485	0.0	21.08	11.94	55.12	88.13999999999999
IGREZD1	50.731296	4.740903	0.0	28.19	7.87	79.5	115.56
IJODOI6	50.717	4.875	0.25	22.86	10.41	49.78	83.3
IJODOI3	50.705687	4.913861	0.0	19.05	19.81	41.4	80.25999999999999
IWALENIN2	50.693619	4.929011	0.0	6.1	0.0	0.0	6.1
IORPJA2	50.703335	4.930379	0.0	19.56	14.22	68.58	102.36
IJODOI5	50.731	4.878	0.0	23.37	11.43	59.44	94.24
IORPJAUC3	50.680641	4.98048	0.0	17.27	19.56	76.96	113.78999999999999
IHANNUT5	50.692959	5.023301	1.3	18.01	22.3	94.01	135.62
IRGIONWA31	50.712982	5.035172	1.78	18.29	20.83	70.87	111.77000000000001
ILINCE2	50.726	5.011	2.29	17.02	16.76	71.12	107.19
ILANDE3	50.725506	5.08607	0.51	18.01	19.1	86.31	123.93
IGEER6	50.671429	5.169496	0.51	28.96	27.69	71.63	128.79
IBERLO7	50.696644	5.225805	0.0	22.61	36.09	74.9	133.60000000000002
IGINGE2	50.722	5.201	0.3	17.5	27.71	81.2	126.71000000000001
IWAREM1	50.696817	5.284254	0.0	18.29	29.69	39.4	87.38
IREMIC2	50.67859	5.332469	0.0	22.86	49.28	49.78	121.92
IRGIONWA118	50.722042	5.346043	0.25	18.03	36.07	44.7	99.05000000000001
IHEERS3	50.769249	5.321218	2.03	20.07	26.42	60.2	108.72
IAWANS6	50.699825	5.439408	0.0	23.62	33.27	21.34	78.23
IANS30	50.701172	5.487029	0.0	29.72	28.96	30.99	89.67
ITONGE1	50.750999	5.447	0.3	30.2	46.51	38.1	115.10999999999999
IJUPRE2	50.725259	5.514389	0.0	33.27	30.23	29.97	93.47
ITONGE5	50.751999	5.499	0.0	38.3	38.89	31.8	108.99
IHERST3	50.673	5.593	0.0	18.29	59.51	25.6	103.4
IOUPEY1	50.710796	5.641251	0.0	12.95	36.83	12.7	62.480000000000004
IHERST5	50.667	5.599	0.0	15.49	50.29	21.08	86.86
IOUPEY3	50.71	5.651	0.0	23.39	63.2	16.51	103.10000000000001
ILIGE68	50.654072	5.634042	0.0	4.06	28.45	4.32	36.83
IVIS21	50.727978	5.701215	0.0	37.11	80.01	20.09	137.21
IHERVE52	50.681916	5.82077	0.0	27.0	97.79	25.6	150.39000000000001
IHERVE16	50.6763	5.792198	0.0	25.4	97.79	24.1	147.29
IAUBEL12	50.711	5.846	0.0	18.03	78.74	18.54	115.31
IHERVE105	50.665312	5.752249	0.0	27.94	102.62	35.31	165.87
IDALHE7	50.74	5.735	0.0	40.89	81.79	17.81	140.49
IHERVE98	50.641953	5.824091	0.0	48.01	80.77	24.89	153.67000000000002
IVOEREN8	50.722759	5.891942	0.0	22.3	89.41	21.89	133.6
IWELKE4	50.673469	5.923455	0.0	70.69	125.91	43.0	239.6
IPLOMB3	50.726519	5.924047	0.0	21.79	101.09	24.1	146.98
IPLOMB4	50.716015	5.9794	0.0	22.61	102.39	40.41	165.41
ILACAL12	50.721	6.013	0.51	19.3	87.63	88.39	195.82999999999998
ILACALAM3	50.708328	6.036449	0.0	48.26	101.09	40.39	189.74
IKELMI1	50.725	6.018	0.51	22.86	90.42	31.5	145.29000000000002
IRAERE2	50.698002	6.048	0.0	46.99	115.6	42.9	205.49
IAACHE21	50.719	6.039	0.0	11.43	16.26	7.37	35.06
IRAERE5	50.689	6.086	0.0	19.99	102.9	40.41	163.3
IRAERE12	50.684	6.094	0.25	17.02	71.12	71.88	160.26999999999998
IRAERE11	50.71314	6.121418	0.0	17.02	110.24	44.96	172.22
IWALHAUS2	50.704399	6.057881	0.0	45.21	108.71	41.4	195.32
IAACHE48	50.705274	6.180314	0.0	30.71	116.79	13.79	161.29
ISTOLB13	50.711	6.215	0.0	41.4	137.59	0.0	178.99
IAACHE49	50.712652	6.184902	0.0	28.96	111.76	112.78	253.5
IROETG13	50.683	6.206	0.0	43.94	141.99	17.02	202.95000000000002
IAACHEN132	50.711575	6.17896	0.0	26.42	105.66	105.92	238.0
INORDRHE79	50.683201	6.35963	0.0	31.39	89.2	5.79	126.38000000000001
IHRTGE1	50.709999	6.373	0.0	37.31	108.51	6.3	152.12
IKREUZ4	50.717999	6.435	0.0	40.59	89.41	2.59	132.59
INIDEG7	50.665069	6.411179	0.0	41.4	76.96	4.57	122.92999999999998
